2 0.27265625 0.11953125 0.09140625 0.1640625
2 0.5390625 0.13828125 0.06796875 0.146875
2 0.9421875 0.1453125 0.078125 0.14921875
2 0.46953125 0.18203125 0.08046875 0.15234375
3 0.81328125 0.18203125 0.0359375 0.08203125
2 0.86171875 0.1828125 0.0578125 0.1140625
2 0.68046875 0.18984375 0.06953125 0.140625
2 0.73359375 0.18984375 0.0515625 0.10546875
2 0.78984375 0.20859375 0.04453125 0.09609375
2 0.06640625 0.08046875 0.10703125 0.1609375
0 0.10703125 0.475 0.2140625 0.95
0 0.29140625 0.45625 0.246875 0.8234375
0 0.46171875 0.43671875 0.14296875 0.725
0 0.6765625 0.446875 0.1734375 0.6953125
0 0.928125 0.475 0.14375 0.8265625