2 0.2859375 0.159375 0.0921875 0.16484375
2 0.5546875 0.17734375 0.06796875 0.14765625
2 0.96015625 0.184375 0.07890625 0.15
2 0.484375 0.221875 0.08125 0.153125
3 0.8296875 0.221875 0.0359375 0.0828125
2 0.87890625 0.22265625 0.05859375 0.1140625
2 0.696875 0.2296875 0.06953125 0.14140625
2 0.74921875 0.2296875 0.05234375 0.10625
2 0.80625 0.2484375 0.0453125 0.096875
2 0.0796875 0.10234375 0.1078125 0.196875
0 0.1140625 0.4984375 0.228125 0.990625
0 0.30546875 0.49765625 0.2484375 0.8265625
0 0.4765625 0.47734375 0.14375 0.728125
0 0.6921875 0.48828125 0.17421875 0.6984375
0 0.9359375 0.515625 0.128125 0.83125