2 0.25546875 0.10234375 0.09296875 0.1671875
2 0.52734375 0.12109375 0.06875 0.14921875
2 0.9375 0.128125 0.0796875 0.1515625
2 0.45625 0.165625 0.08203125 0.15546875
3 0.80625 0.165625 0.03671875 0.08359375
2 0.85625 0.16640625 0.059375 0.115625
2 0.67109375 0.17421875 0.0703125 0.14296875
2 0.725 0.17421875 0.053125 0.10703125
2 0.78203125 0.19296875 0.0453125 0.09765625
2 0.05 0.071875 0.1 0.14375
0 0.0984375 0.4734375 0.196875 0.946875
0 0.275 0.4453125 0.2515625 0.83671875
0 0.4484375 0.425 0.1453125 0.73671875
0 0.6671875 0.43515625 0.1765625 0.70703125
0 0.925 0.4640625 0.15 0.83984375