3 0.9234375 0.69296875 0.04609375 0.1078125
2 0.7109375 0.73125 0.0671875 0.1453125
3 0.0140625 0.8734375 0.028125 0.21484375
3 0.38671875 0.32890625 0.028125 0.06328125
2 0.540625 0.3671875 0.03203125 0.07578125
2 0.59375 0.3671875 0.025 0.06328125
2 0.31171875 0.3921875 0.0421875 0.1015625
3 0.7265625 0.4015625 0.02109375 0.05703125
3 0.04765625 0.40859375 0.0390625 0.0953125
2 0.103125 0.44296875 0.05 0.1265625
2 0.8796875 0.45546875 0.028125 0.07578125
3 0.803125 0.46171875 0.025 0.06328125
3 0.29609375 0.484375 0.0390625 0.0953125
3 0.44296875 0.525 0.05 0.1140625
3 0.6171875 0.528125 0.05 0.0953125
2 0.15234375 0.53203125 0.07109375 0.1390625
0 0.42265625 0.73046875 0.1171875 0.5390625
0 0.70390625 0.81328125 0.13828125 0.3734375
0 0.90234375 0.82265625 0.1734375 0.3546875
0 0.278125 0.71484375 0.12421875 0.56953125
0 0.03203125 0.57578125 0.0640625 0.44296875
0 0.14296875 0.72734375 0.1390625 0.5453125