3 0.9796875 0.70078125 0.040625 0.11171875
2 0.7625 0.73984375 0.06953125 0.1515625
3 0.02734375 0.88828125 0.0546875 0.2234375
3 0.4265625 0.32265625 0.0296875 0.065625
2 0.58671875 0.36171875 0.0328125 0.07890625
2 0.64140625 0.36171875 0.02578125 0.065625
2 0.34921875 0.38828125 0.04375 0.10546875
3 0.7796875 0.39765625 0.021875 0.059375
3 0.075 0.4046875 0.040625 0.0984375
2 0.13203125 0.440625 0.0515625 0.13125
2 0.9375 0.45390625 0.0296875 0.07890625
3 0.85859375 0.46015625 0.02578125 0.065625
3 0.3328125 0.48359375 0.040625 0.0984375
3 0.48515625 0.5265625 0.0515625 0.11875
3 0.665625 0.5296875 0.0515625 0.0984375
2 0.18359375 0.5328125 0.0734375 0.14453125
0 0.4640625 0.7296875 0.121875 0.540625
0 0.75546875 0.815625 0.14375 0.36875
0 0.93515625 0.82578125 0.1296875 0.3484375
0 0.31328125 0.71328125 0.1296875 0.5734375
0 0.04921875 0.5828125 0.08828125 0.46015625
0 0.175 0.7265625 0.14375 0.546875