3 0.359375 0.28828125 0.04609375 0.10859375
3 0.83046875 0.3078125 0.03046875 0.0953125
3 0.14921875 0.309375 0.05703125 0.1234375
2 0.4515625 0.33671875 0.0546875 0.115625
3 0.88046875 0.33984375 0.04453125 0.11328125
3 0.546875 0.34921875 0.053125 0.1265625
3 0.18046875 0.36328125 0.0484375 0.10859375
3 0.79921875 0.38125 0.05703125 0.12890625
0 0.5453125 0.58984375 0.11953125 0.559375
0 0.3515625 0.54609375 0.10703125 0.6
0 0.78984375 0.63671875 0.13828125 0.6203125
0 0.9 0.60546875 0.12109375 0.62734375
0 0.4484375 0.5671875 0.12265625 0.58515625
0 0.18828125 0.6 0.14375 0.64765625