3 0.3578125 0.27109375 0.04375 0.103125
3 0.8078125 0.2890625 0.02890625 0.09140625
3 0.15625 0.290625 0.0546875 0.11796875
2 0.4453125 0.31640625 0.05234375 0.1109375
3 0.85546875 0.3203125 0.0421875 0.10859375
3 0.5359375 0.32890625 0.05078125 0.1203125
3 0.1859375 0.3421875 0.046875 0.103125
3 0.778125 0.359375 0.0546875 0.1234375
0 0.53515625 0.55859375 0.1140625 0.534375
0 0.34921875 0.5171875 0.10234375 0.5734375
0 0.76875 0.603125 0.13203125 0.59296875
0 0.87421875 0.5734375 0.11640625 0.6
0 0.44296875 0.5375 0.11796875 0.559375
0 0.19375 0.56875 0.1375 0.61875