3 0.34453125 0.2921875 0.0421875 0.10078125
3 0.78046875 0.31015625 0.028125 0.08828125
3 0.15 0.3109375 0.053125 0.11484375
2 0.4296875 0.3359375 0.05078125 0.1078125
3 0.8265625 0.33984375 0.04140625 0.10546875
3 0.51796875 0.3484375 0.04921875 0.1171875
3 0.990625 0.3515625 0.01875 0.10546875
3 0.17890625 0.3609375 0.0453125 0.10078125
3 0.75234375 0.378125 0.053125 0.11953125
0 0.5171875 0.57109375 0.1109375 0.51953125
0 0.33671875 0.53125 0.09921875 0.55703125
0 0.74296875 0.61484375 0.128125 0.57578125
0 0.8453125 0.5859375 0.1125 0.5828125
0 0.42734375 0.55078125 0.1140625 0.54296875
0 0.18671875 0.58125 0.13359375 0.60078125