3 0.75859375 0.5234375 0.040625 0.096875
3 0.7140625 0.52734375 0.0375 0.09453125
3 0.66640625 0.53125 0.04765625 0.109375
1 0.66796875 0.66796875 0.23671875 0.4078125
3 0.23515625 0.4875 0.04375 0.071875
3 0.3703125 0.5140625 0.046875 0.078125
3 0.43203125 0.509375 0.03828125 0.078125
2 0.4046875 0.4125 0.025 0.0328125
2 0.4859375 0.4265625 0.028125 0.040625
2 0.54140625 0.4265625 0.01796875 0.02578125
0 0.3453125 0.659375 0.23515625 0.39765625
0 0.1953125 0.6140625 0.209375 0.39140625
0 0.4796875 0.49140625 0.090625 0.1765625
0 0.5484375 0.46875 0.07265625 0.11171875