3 0.77890625 0.49296875 0.03828125 0.09140625
3 0.73671875 0.49609375 0.03515625 0.0890625
3 0.69140625 0.5 0.04453125 0.103125
1 0.69296875 0.62890625 0.2234375 0.38359375
3 0.28515625 0.45859375 0.04140625 0.0671875
3 0.4125 0.48359375 0.04453125 0.0734375
3 0.4703125 0.4796875 0.0359375 0.0734375
2 0.4453125 0.38828125 0.0234375 0.03125
2 0.521875 0.4015625 0.0265625 0.03828125
2 0.57421875 0.4015625 0.0171875 0.02421875
0 0.3890625 0.6203125 0.221875 0.37421875
0 0.24765625 0.578125 0.196875 0.36875
0 0.515625 0.4625 0.08515625 0.165625
0 0.58046875 0.440625 0.06875 0.10546875