3 0.83671875 0.46640625 0.0421875 0.09921875
3 0.79140625 0.4703125 0.03828125 0.096875
3 0.7421875 0.475 0.0484375 0.11171875
1 0.74453125 0.61484375 0.24296875 0.4171875
3 0.3015625 0.4296875 0.04453125 0.0734375
3 0.4390625 0.45703125 0.0484375 0.0796875
3 0.50234375 0.45234375 0.0390625 0.0796875
2 0.475 0.353125 0.025 0.03359375
2 0.5578125 0.36796875 0.02890625 0.04140625
2 0.61484375 0.36796875 0.01796875 0.02578125
0 0.4140625 0.60546875 0.240625 0.40703125
0 0.26015625 0.559375 0.2140625 0.40078125
0 0.55078125 0.434375 0.09296875 0.18046875
0 0.621875 0.4109375 0.07421875 0.11484375