3 0.23515625 0.134375 0.0921875 0.16484375
3 0.503125 0.15234375 0.06796875 0.14765625
3 0.90859375 0.16015625 0.07890625 0.15
3 0.4328125 0.196875 0.08125 0.153125
4 0.77890625 0.196875 0.0359375 0.0828125
3 0.828125 0.19765625 0.05859375 0.1140625
3 0.6453125 0.20546875 0.06953125 0.14140625
3 0.6984375 0.20546875 0.05234375 0.10625
3 0.7546875 0.22421875 0.0453125 0.096875
3 0.040625 0.0875 0.08125 0.175
1 0.08828125 0.484375 0.1765625 0.96875
1 0.25390625 0.47265625 0.2484375 0.8265625
1 0.42578125 0.453125 0.14375 0.728125
1 0.640625 0.46328125 0.17421875 0.6984375
1 0.9109375 0.49140625 0.178125 0.83046875