3 0.2671875 0.13515625 0.090625 0.16328125
3 0.5328125 0.153125 0.0671875 0.1453125
3 0.934375 0.16015625 0.078125 0.14765625
3 0.46328125 0.196875 0.08046875 0.1515625
4 0.80546875 0.196875 0.0359375 0.08125
3 0.85390625 0.19765625 0.0578125 0.11328125
3 0.6734375 0.20546875 0.06875 0.13984375
3 0.72578125 0.20546875 0.0515625 0.1046875
3 0.78203125 0.2234375 0.04453125 0.0953125
3 0.06328125 0.08828125 0.10703125 0.17578125
1 0.1046875 0.4796875 0.209375 0.959375
1 0.2859375 0.46953125 0.24609375 0.8171875
1 0.45625 0.45 0.1421875 0.71953125
1 0.66953125 0.46015625 0.17265625 0.690625
1 0.9234375 0.48828125 0.153125 0.8203125