3 0.26953125 0.11328125 0.0921875 0.16484375
3 0.5375 0.13125 0.06796875 0.14765625
3 0.94296875 0.13828125 0.07890625 0.15
3 0.4671875 0.17578125 0.08125 0.153125
4 0.81328125 0.17578125 0.0359375 0.0828125
3 0.8625 0.1765625 0.05859375 0.1140625
3 0.6796875 0.18359375 0.06953125 0.14140625
3 0.7328125 0.18359375 0.05234375 0.10625
3 0.7890625 0.203125 0.0453125 0.096875
3 0.0625 0.07734375 0.1078125 0.1546875
1 0.10546875 0.47421875 0.2109375 0.9484375
1 0.28828125 0.4515625 0.2484375 0.8265625
1 0.46015625 0.43125 0.14375 0.728125
1 0.675 0.4421875 0.17421875 0.6984375
1 0.928125 0.4703125 0.14375 0.83046875