0 0.05 0.40546875 0.0625 0.23984375
0 0.23046875 0.31796875 0.03671875 0.0546875
0 0.3359375 0.4703125 0.08203125 0.3796875
0 0.3625 0.3359375 0.03671875 0.12109375
0 0.57421875 0.5125 0.11171875 0.46171875
0 0.63984375 0.378125 0.02578125 0.075
0 0.66953125 0.4625 0.03984375 0.04609375
0 0.66484375 0.37734375 0.01640625 0.07265625
0 0.68046875 0.43671875 0.0234375 0.053125
0 0.703125 0.44375 0.03203125 0.05625
0 0.7390625 0.4046875 0.03671875 0.14296875
0 0.796875 0.51953125 0.1484375 0.715625
4 0.0625 0.309375 0.03359375 0.04921875
4 0.31875 0.31015625 0.05234375 0.065625
4 0.56796875 0.31875 0.05859375 0.0703125
4 0.80234375 0.2328125 0.06953125 0.1328125