0 0.04921875 0.37890625 0.06484375 0.24921875
0 0.2359375 0.28828125 0.03828125 0.05625
0 0.3453125 0.44609375 0.084375 0.39375
0 0.37265625 0.30703125 0.03828125 0.12578125
0 0.5921875 0.490625 0.115625 0.47890625
0 0.659375 0.35078125 0.0265625 0.07734375
0 0.690625 0.43828125 0.040625 0.04765625
0 0.68515625 0.35 0.0171875 0.07578125
0 0.7015625 0.41171875 0.02421875 0.0546875
0 0.725 0.41875 0.03359375 0.05859375
0 0.7625 0.378125 0.03828125 0.1484375
0 0.821875 0.496875 0.15390625 0.7421875
4 0.0625 0.2796875 0.034375 0.05078125
4 0.32734375 0.28046875 0.0546875 0.06796875
4 0.58515625 0.2890625 0.06015625 0.07265625
4 0.828125 0.2 0.071875 0.1375