0 0.0171875 0.4453125 0.034375 0.24140625
0 0.18515625 0.35859375 0.03671875 0.0546875
0 0.290625 0.5109375 0.08203125 0.38203125
0 0.3171875 0.37578125 0.03671875 0.121875
0 0.53046875 0.55390625 0.11171875 0.4640625
0 0.59609375 0.41875 0.02578125 0.075
0 0.62578125 0.503125 0.03984375 0.04609375
0 0.62109375 0.41796875 0.01640625 0.0734375
0 0.63671875 0.478125 0.0234375 0.053125
0 0.659375 0.48515625 0.0328125 0.05625
0 0.6953125 0.4453125 0.03671875 0.14375
0 0.75390625 0.5609375 0.14921875 0.71953125
4 0.01640625 0.34921875 0.03203125 0.05
4 0.2734375 0.35078125 0.053125 0.065625
4 0.5234375 0.359375 0.05859375 0.0703125
4 0.759375 0.27265625 0.0703125 0.13359375