4 0.93828125 0.69921875 0.04609375 0.1078125
3 0.725 0.7375 0.0671875 0.1453125
4 0.02109375 0.8796875 0.0421875 0.21484375
4 0.40078125 0.33515625 0.028125 0.06328125
3 0.5546875 0.3734375 0.03203125 0.07578125
3 0.6078125 0.3734375 0.025 0.06328125
3 0.3265625 0.3984375 0.0421875 0.1015625
4 0.74140625 0.40859375 0.02109375 0.05703125
4 0.06171875 0.41484375 0.0390625 0.0953125
3 0.1171875 0.44921875 0.05 0.1265625
3 0.89375 0.46171875 0.028125 0.07578125
4 0.8171875 0.46796875 0.025 0.06328125
4 0.31015625 0.490625 0.0390625 0.0953125
4 0.4578125 0.53203125 0.05 0.1140625
4 0.63125 0.53515625 0.05 0.0953125
3 0.16640625 0.53828125 0.07109375 0.1390625
1 0.43828125 0.73359375 0.1171875 0.5328125
1 0.71796875 0.81640625 0.13828125 0.3671875
1 0.91484375 0.82578125 0.1703125 0.3484375
1 0.2921875 0.71796875 0.12421875 0.56328125
1 0.0390625 0.58203125 0.078125 0.44296875
1 0.15703125 0.73046875 0.1390625 0.5390625