4 0.965625 0.7109375 0.046875 0.11015625
3 0.75 0.75 0.06796875 0.14921875
4 0.02890625 0.89296875 0.0578125 0.2140625
4 0.42109375 0.3375 0.02890625 0.06484375
3 0.57734375 0.3765625 0.03203125 0.078125
3 0.63125 0.3765625 0.025 0.06484375
3 0.3453125 0.40234375 0.04296875 0.10390625
4 0.76640625 0.4125 0.021875 0.05859375
4 0.07734375 0.41875 0.03984375 0.09765625
3 0.1328125 0.4546875 0.05 0.1296875
3 0.92109375 0.4671875 0.02890625 0.078125
4 0.84375 0.47421875 0.025 0.06484375
4 0.32890625 0.496875 0.03984375 0.09765625
4 0.478125 0.5390625 0.05 0.1171875
4 0.6546875 0.5421875 0.05 0.09765625
3 0.18359375 0.5453125 0.071875 0.14296875
1 0.45859375 0.73671875 0.11875 0.52578125
1 0.74296875 0.82109375 0.140625 0.35703125
1 0.928125 0.83125 0.14375 0.3375
1 0.31015625 0.7203125 0.1265625 0.559375
1 0.0515625 0.5953125 0.08671875 0.4546875
1 0.17421875 0.73359375 0.140625 0.5328125