4 0.9109375 0.659375 0.0453125 0.10625
3 0.70078125 0.696875 0.06640625 0.14375
4 0.0140625 0.8375 0.028125 0.2125
4 0.38125 0.3 0.028125 0.0625
3 0.53359375 0.3375 0.03125 0.075
3 0.5859375 0.3375 0.02421875 0.0625
3 0.3078125 0.3625 0.0421875 0.1
4 0.71640625 0.371875 0.02109375 0.05625
4 0.046875 0.378125 0.03828125 0.09375
3 0.1015625 0.4125 0.04921875 0.125
3 0.8671875 0.425 0.028125 0.075
4 0.7921875 0.43125 0.02421875 0.0625
4 0.2921875 0.453125 0.03828125 0.09375
4 0.43671875 0.49375 0.04921875 0.1125
4 0.60859375 0.496875 0.04921875 0.09375
3 0.15 0.5 0.0703125 0.1375
1 0.41796875 0.715625 0.115625 0.56875
1 0.69375 0.796875 0.13671875 0.40625
1 0.88984375 0.80625 0.17109375 0.3875
1 0.27421875 0.6875 0.12265625 0.565625
1 0.03125 0.54375 0.0625 0.4375
1 0.14140625 0.7125 0.13671875 0.575