4 0.33359375 0.26953125 0.0453125 0.1078125
4 0.8015625 0.28828125 0.0296875 0.09453125
4 0.12421875 0.28984375 0.05703125 0.1234375
3 0.42421875 0.31640625 0.05390625 0.115625
4 0.85078125 0.3203125 0.04453125 0.1125
4 0.51953125 0.3296875 0.05234375 0.12578125
4 0.15546875 0.34375 0.0484375 0.1078125
4 0.7703125 0.36171875 0.05703125 0.128125
1 0.51796875 0.56875 0.11875 0.55625
1 0.325 0.52578125 0.10625 0.59765625
1 0.7609375 0.61484375 0.1375 0.6171875
1 0.87109375 0.584375 0.1203125 0.62421875
1 0.421875 0.546875 0.12265625 0.58203125
1 0.16328125 0.57890625 0.14296875 0.64375