4 0.3703125 0.28046875 0.046875 0.11015625
4 0.84921875 0.3 0.03046875 0.096875
4 0.15625 0.30078125 0.05859375 0.12578125
3 0.46328125 0.32890625 0.05546875 0.11796875
4 0.9 0.3328125 0.0453125 0.11484375
4 0.56015625 0.34140625 0.05390625 0.128125
4 0.18828125 0.35625 0.04921875 0.11015625
4 0.81796875 0.37421875 0.05859375 0.13125
1 0.559375 0.5859375 0.121875 0.56796875
1 0.36171875 0.54140625 0.10859375 0.61015625
1 0.8078125 0.63359375 0.140625 0.6296875
1 0.9203125 0.6015625 0.1234375 0.6375
1 0.4609375 0.56328125 0.125 0.59453125
1 0.19609375 0.59609375 0.146875 0.6578125