4 0.33671875 0.2625 0.04375 0.10390625
4 0.7875 0.28125 0.02890625 0.09140625
4 0.134375 0.28203125 0.0546875 0.11875
3 0.42421875 0.3078125 0.05234375 0.11171875
4 0.8359375 0.31171875 0.04296875 0.10859375
4 0.515625 0.3203125 0.05078125 0.12109375
4 0.16484375 0.334375 0.046875 0.10390625
4 0.75859375 0.3515625 0.0546875 0.1234375
1 0.51484375 0.5515625 0.11484375 0.5375
1 0.32890625 0.509375 0.10234375 0.5765625
1 0.74921875 0.59609375 0.1328125 0.5953125
1 0.8546875 0.56640625 0.11640625 0.603125
1 0.421875 0.53046875 0.11796875 0.56171875
1 0.17265625 0.56171875 0.13828125 0.621875