0 0.8890625 0.4703125 0.07578125 0.3453125
0 0.0171875 0.4796875 0.034375 0.309375
0 0.03984375 0.38671875 0.0375 0.10078125
0 0.06953125 0.38671875 0.03515625 0.1125
0 0.26875 0.39921875 0.04765625 0.1625
0 0.3765625 0.4171875 0.04609375 0.228125
0 0.415625 0.41875 0.034375 0.12890625
0 0.4390625 0.36640625 0.0265625 0.0515625
0 0.578125 0.4328125 0.0265625 0.1796875
0 0.65546875 0.41953125 0.04765625 0.2265625
0 0.7125 0.43359375 0.04609375 0.21015625
4 0.8796875 0.35390625 0.0421875 0.06484375
4 0.271875 0.3453125 0.025 0.05625