0 0.9625 0.4484375 0.075 0.3625
0 0.03359375 0.45859375 0.0671875 0.3265625
0 0.0734375 0.36171875 0.0390625 0.10625
0 0.1046875 0.36171875 0.0375 0.11796875
0 0.3140625 0.375 0.05 0.17109375
0 0.42734375 0.39375 0.0484375 0.240625
0 0.46875 0.39453125 0.0359375 0.1359375
0 0.49375 0.33984375 0.028125 0.05390625
0 0.6390625 0.409375 0.028125 0.18984375
0 0.72109375 0.39609375 0.05 0.2390625
0 0.78046875 0.4109375 0.0484375 0.22109375
4 0.95625 0.32734375 0.04453125 0.06875
4 0.3171875 0.31796875 0.0265625 0.05859375