0 0.89609375 0.475 0.075 0.34453125
0 0.02265625 0.48359375 0.0453125 0.3078125
0 0.0515625 0.3921875 0.0375 0.1
0 0.08125 0.3921875 0.03515625 0.11171875
0 0.27890625 0.4046875 0.04765625 0.16171875
0 0.3859375 0.421875 0.04609375 0.22734375
0 0.425 0.4234375 0.034375 0.128125
0 0.4484375 0.37109375 0.0265625 0.05078125
0 0.58671875 0.4375 0.0265625 0.1796875
0 0.6640625 0.425 0.04765625 0.22578125
0 0.7203125 0.43828125 0.0453125 0.209375
4 0.88671875 0.359375 0.0421875 0.06484375
4 0.28203125 0.35 0.025 0.05546875