4 0.79296875 0.503125 0.0390625 0.09296875
4 0.75 0.50703125 0.0359375 0.090625
4 0.70390625 0.5109375 0.0453125 0.1046875
2 0.70625 0.6421875 0.22734375 0.38984375
4 0.29140625 0.46875 0.0421875 0.06875
4 0.4203125 0.49453125 0.0453125 0.07421875
4 0.4796875 0.48984375 0.03671875 0.07421875
3 0.45390625 0.396875 0.0234375 0.03125
3 0.53125 0.4109375 0.0265625 0.03828125
3 0.584375 0.4109375 0.0171875 0.02421875
1 0.396875 0.6328125 0.225 0.38046875
1 0.253125 0.58984375 0.20078125 0.375
1 0.525 0.47265625 0.08671875 0.16875
1 0.59140625 0.45078125 0.06953125 0.10703125