4 0.853125 0.45 0.04296875 0.1015625
4 0.80703125 0.45390625 0.0390625 0.0984375
4 0.75703125 0.4578125 0.04921875 0.1140625
2 0.75859375 0.60078125 0.246875 0.425
4 0.30859375 0.41171875 0.0453125 0.075
4 0.4484375 0.43984375 0.04921875 0.08125
4 0.5125 0.43515625 0.03984375 0.08125
3 0.48515625 0.334375 0.02578125 0.034375
3 0.56953125 0.34921875 0.02890625 0.0421875
3 0.62734375 0.34921875 0.01875 0.0265625
1 0.4234375 0.59140625 0.24453125 0.4140625
1 0.26640625 0.54453125 0.21796875 0.4078125
1 0.5625 0.41640625 0.09453125 0.18359375
1 0.634375 0.3921875 0.07578125 0.1171875