4 0.80546875 0.4921875 0.04140625 0.0984375
4 0.76015625 0.49609375 0.03828125 0.0953125
4 0.71171875 0.5 0.04765625 0.11015625
2 0.7140625 0.63828125 0.2390625 0.4109375
4 0.2765625 0.45546875 0.04375 0.07265625
4 0.41328125 0.4828125 0.04765625 0.078125
4 0.475 0.478125 0.03828125 0.078125
3 0.44765625 0.38046875 0.025 0.0328125
3 0.5296875 0.39453125 0.028125 0.040625
3 0.5859375 0.39453125 0.01796875 0.02578125
1 0.38828125 0.62890625 0.2375 0.4015625
1 0.2359375 0.58359375 0.2109375 0.3953125
1 0.5234375 0.46015625 0.09140625 0.178125
1 0.59296875 0.43671875 0.0734375 0.11328125